101010100 0
001010101 0
001010110 0
001010000 0
001011100 0
001000100 0
001110100 0
000010100 0
011010100 0
101010100 0
010011101 0
110011100 0
110011111 0
110011001 0
110010101 0
110001101 0
111111101 0
100011101 0
110011100 0
010011101 0
001011010 0
101011011 0
101011000 0
101011110 0
101010010 0
101001010 0
101111010 0
101011010 0
001011010 0
101011011 0
000101011 1
100101010 1
100101001 1
100101111 1
100100011 1
100111011 1
100001011 1
101101011 1
110101011 1
000101011 1
111001101 0
011001100 0
011001111 0
100110001 0
011000101 0
011011101 0
011101101 0
010001101 0
001001101 0
111001101 0
101101100 0
001101101 0
001101110 0
001101000 0
001100100 0
001111100 0
001001100 0
000101100 0
011101100 0
101101100 0
010100100 0
110100101 0
110100110 0
110101000 0
110110100 0
110000100 0
111100100 0
100100100 0
010100100 0
110100101 0
000110111 0
100110110 0
100110101 0
100110011 0
100111111 0
100100111 0
100000111 0
111110111 0
000110111 0
100110110 0
101000100 0
001000101 0
001000110 0
001000000 0
001001100 0
001010100 0
001100100 0
000000100 0
011000100 0
101000100 0
101001011 0
001001010 0
001001101 0
001001111 0
001000011 0
001011011 0
001101011 0
000001011 0
011001011 0
101001011 0
101010100 0
001010101 0
001010110 0
001010000 0
001011100 0
001000100 0
001110100 0
000010100 0
011010100 0
101010100 0
010011101 0
110011100 0
110011111 0
110011001 0
110010101 0
110001101 0
111111101 0
100011101 0
110011100 0
010011101 0
001011010 0
101011011 0
101011000 0
101011110 0
101010010 0
101001010 0
101111010 0
101011010 0
001011010 0
101011011 0
000101011 1
100101010 1
100101001 1
100101111 1
100100011 1
100111011 1
100001011 1
101101011 1
110101011 1
000101011 1
111001101 0
011001100 0
011001111 0
100110001 0
011000101 0
011011101 0
011101101 0
010001101 0
001001101 0
111001101 0
101101100 0
001101101 0
001101110 0
001101000 0
001100100 0
001111100 0
001001100 0
000101100 0
011101100 0
101101100 0
010100100 0
110100101 0
110100110 0
110101000 0
110110100 0
110000100 0
111100100 0
100100100 0
010100100 0
110100101 0
000110111 0
100110110 0
100110101 0
100110011 0
100111111 0
100100111 0
100000111 0
111110111 0
000110111 0
100110110 0
101000100 0
001000101 0
001000110 0
001000000 0
001001100 0
001010100 0
001100100 0
000000100 0
011000100 0
101000100 0
101001011 0
001001010 0
001001101 0
001001111 0
001000011 0
001011011 0
001101011 0
000001011 0
011001011 0
101001011 0
101010100 0
001010101 0
001010110 0
001010000 0
001011100 0
001000100 0
001110100 0
000010100 0
011010100 0
101010100 0
010011101 0
110011100 0
110011111 0
110011001 0
110010101 0
110001101 0
111111101 0
100011101 0
110011100 0
010011101 0
001011010 0
101011011 0
101011000 0
101011110 0
101010010 0
101001010 0
101111010 0
101011010 0
001011010 0
101011011 0
000101011 1
100101010 1
100101001 1
100101111 1
100100011 1
100111011 1
100001011 1
101101011 1
110101011 1
000101011 1
111001101 0
011001100 0
011001111 0
100110001 0
011000101 0
011011101 0
011101101 0
010001101 0
001001101 0
111001101 0
101101100 0
001101101 0
001101110 0
001101000 0
001100100 0
001111100 0
001001100 0
000101100 0
011101100 0
101101100 0
010100100 0
110100101 0
110100110 0
110101000 0
110110100 0
110000100 0
111100100 0
100100100 0
010100100 0
110100101 0
000110111 0
100110110 0
100110101 0
100110011 0
100111111 0
100100111 0
100000111 0
111110111 0
000110111 0
100110110 0
101000100 0
001000101 0
001000110 0
001000000 0
001001100 0
001010100 0
001100100 0
000000100 0
011000100 0
101000100 0
101001011 0
001001010 0
001001101 0
001001111 0
001000011 0
001011011 0
001101011 0
000001011 0
011001011 0
101001011 0