110110100 0
110010101 0
111010111 0
101010011 0
001011011 0
001001010 0
001101000 0
000101100 0
010100100 0
110000100 0
001111101 0
001011100 0
000011110 0
010011010 0
110010010 0
110000011 0
110100001 0
111100101 0
101101101 0
001001101 0
010111010 0
010011011 0
011011001 0
001011101 0
101010101 0
101000100 0
010100110 0
101100101 0
110101101 0
010001010 0
011001011 1
011101010 1
010101000 1
000101100 1
100100100 1
100110101 1
100010111 1
101010011 1
111011011 1
011111011 1
100101101 0
100001100 0
101001110 0
111001010 0
011000010 0
011010011 0
011110001 0
010110101 0
000111101 0
101111101 0
110001100 0
110101101 0
111101111 0
101101011 0
001100011 0
001110010 0
001010000 0
000010100 0
010011100 0
110111100 0
001000100 0
001100101 0
000100111 0
010100011 0
110101011 0
110111010 0
110011000 0
111011100 0
101010100 0
001110100 0
011010111 0
011110110 0
010110100 0
000110000 0
100111000 0
100101001 0
100001011 0
101001111 0
111000111 0
011100111 0
110100100 0
110000101 0
111000111 0
101000011 0
001001011 0
001011010 0
001111000 0
000111100 0
010110100 0
110010100 0
110101011 0
110001010 0
111001000 0
101001100 0
001000100 0
001010101 0
001110111 0
000110011 0
010111011 0
110011011 0
110110100 0
110010101 0
111010111 0
101010011 0
001011011 0
001001010 0
001101000 0
000101100 0
010100100 0
110000100 0
001111101 0
001011100 0
000011110 0
010011010 0
110010010 0
110000011 0
110100001 0
111100101 0
101101101 0
001001101 0
010111010 0
010011011 0
011011001 0
001011101 0
101010101 0
101000100 0
010100110 0
101100101 0
110101101 0
010001010 0
011001011 1
011101010 1
010101000 1
000101100 1
100100100 1
100110101 1
100010111 1
101010011 1
111011011 1
011111011 1
100101101 0
100001100 0
101001110 0
111001010 0
011000010 0
011010011 0
011110001 0
010110101 0
000111101 0
101111101 0
110001100 0
110101101 0
111101111 0
101101011 0
001100011 0
001110010 0
001010000 0
000010100 0
010011100 0
110111100 0
001000100 0
001100101 0
000100111 0
010100011 0
110101011 0
110111010 0
110011000 0
111011100 0
101010100 0
001110100 0
011010111 0
011110110 0
010110100 0
000110000 0
100111000 0
100101001 0
100001011 0
101001111 0
111000111 0
011100111 0
110100100 0
110000101 0
111000111 0
101000011 0
001001011 0
001011010 0
001111000 0
000111100 0
010110100 0
110010100 0
110101011 0
110001010 0
111001000 0
101001100 0
001000100 0
001010101 0
001110111 0
000110011 0
010111011 0
110011011 0
110110100 0
110010101 0
111010111 0
101010011 0
001011011 0
001001010 0
001101000 0
000101100 0
010100100 0
110000100 0
001111101 0
001011100 0
000011110 0
010011010 0
110010010 0
110000011 0
110100001 0
111100101 0
101101101 0
001001101 0
010111010 0
010011011 0
011011001 0
001011101 0
101010101 0
101000100 0
010100110 0
101100101 0
110101101 0
010001010 0
011001011 1
011101010 1
010101000 1
000101100 1
100100100 1
100110101 1
100010111 1
101010011 1
111011011 1
011111011 1
100101101 0
100001100 0
101001110 0
111001010 0
011000010 0
011010011 0
011110001 0
010110101 0
000111101 0
101111101 0
110001100 0
110101101 0
111101111 0
101101011 0
001100011 0
001110010 0
001010000 0
000010100 0
010011100 0
110111100 0
001000100 0
001100101 0
000100111 0
010100011 0
110101011 0
110111010 0
110011000 0
111011100 0
101010100 0
001110100 0
011010111 0
011110110 0
010110100 0
000110000 0
100111000 0
100101001 0
100001011 0
101001111 0
111000111 0
011100111 0
110100100 0
110000101 0
111000111 0
101000011 0
001001011 0
001011010 0
001111000 0
000111100 0
010110100 0
110010100 0
110101011 0
110001010 0
111001000 0
101001100 0
001000100 0
001010101 0
001110111 0
000110011 0
010111011 0
110011011 0