001010100 0
110011101 0
101011010 0
100101011 1
011001101 0
001101100 0
110100100 0
100110111 0
001000100 0
001001011 0
001010100 0
110011101 0
101011010 0
100101011 1
011001101 0
001101100 0
110100100 0
100110111 0
001000100 0
001001011 0
001010100 0
110011101 0
101011010 0
100101011 1
011001101 0
001101100 0
110100100 0
100110111 0
001000100 0
001001011 0
001010100 0
110011101 0
101011010 0
100101011 1
011001101 0
001101100 0
110100100 0
100110111 0
001000100 0
001001011 0
001010100 0
110011101 0
101011010 0
100101011 1
011001101 0
001101100 0
110100100 0
100110111 0
001000100 0
001001011 0
001010100 0
110011101 0
101011010 0
100101011 1
011001101 0
001101100 0
110100100 0
100110111 0
001000100 0
001001011 0
001010100 0
110011101 0
101011010 0
100101011 1
011001101 0
001101100 0
110100100 0
100110111 0
001000100 0
001001011 0
001010100 0
110011101 0
101011010 0
100101011 1
011001101 0
001101100 0
110100100 0
100110111 0
001000100 0
001001011 0
001010100 0
110011101 0
101011010 0
100101011 1
011001101 0
001101100 0
110100100 0
100110111 0
001000100 0
001001011 0
001010100 0
110011101 0
101011010 0
100101011 1
011001101 0
001101100 0
110100100 0
100110111 0
001000100 0
001001011 0
001010100 0
110011101 0
101011010 0
100101011 1
011001101 0
001101100 0
110100100 0
100110111 0
001000100 0
001001011 0
001010100 0
110011101 0
101011010 0
100101011 1
011001101 0
001101100 0
110100100 0
100110111 0
001000100 0
001001011 0
001010100 0
110011101 0
101011010 0
100101011 1
011001101 0
001101100 0
110100100 0
100110111 0
001000100 0
001001011 0
001010100 0
110011101 0
101011010 0
100101011 1
011001101 0
001101100 0
110100100 0
100110111 0
001000100 0
001001011 0
001010100 0
110011101 0
101011010 0
100101011 1
011001101 0
001101100 0
110100100 0
100110111 0
001000100 0
001001011 0
001010100 0
110011101 0
101011010 0
100101011 1
011001101 0
001101100 0
110100100 0
100110111 0
001000100 0
001001011 0
001010100 0
110011101 0
101011010 0
100101011 1
011001101 0
001101100 0
110100100 0
100110111 0
001000100 0
001001011 0
001010100 0
110011101 0
101011010 0
100101011 1
011001101 0
001101100 0
110100100 0
100110111 0
001000100 0
001001011 0
001010100 0
110011101 0
101011010 0
100101011 1
011001101 0
001101100 0
110100100 0
100110111 0
001000100 0
001001011 0
001010100 0
110011101 0
101011010 0
100101011 1
011001101 0
001101100 0
110100100 0
100110111 0
001000100 0
001001011 0
001010100 0
110011101 0
101011010 0
100101011 1
011001101 0
001101100 0
110100100 0
100110111 0
001000100 0
001001011 0
001010100 0
110011101 0
101011010 0
100101011 1
011001101 0
001101100 0
110100100 0
100110111 0
001000100 0
001001011 0
001010100 0
110011101 0
101011010 0
100101011 1
011001101 0
001101100 0
110100100 0
100110111 0
001000100 0
001001011 0
001010100 0
110011101 0
101011010 0
100101011 1
011001101 0
001101100 0
110100100 0
100110111 0
001000100 0
001001011 0
001010100 0
110011101 0
101011010 0
100101011 1
011001101 0
001101100 0
110100100 0
100110111 0
001000100 0
001001011 0
001010100 0
110011101 0
101011010 0
100101011 1
011001101 0
001101100 0
110100100 0
100110111 0
001000100 0
001001011 0
001010100 0
110011101 0
101011010 0
100101011 1
011001101 0
001101100 0
110100100 0
100110111 0
001000100 0
001001011 0
001010100 0
110011101 0
101011010 0
100101011 1
011001101 0
001101100 0
110100100 0
100110111 0
001000100 0
001001011 0
001010100 0
110011101 0
101011010 0
100101011 1
011001101 0
001101100 0
110100100 0
100110111 0
001000100 0
001001011 0
001010100 0
110011101 0
101011010 0
100101011 1
011001101 0
001101100 0
110100100 0
100110111 0
001000100 0
001001011 0