110101000 0
110101101 0
110100111 0
110110011 0
110011011 0
111001011 0
101101011 0
000101011 0
010101010 0
110101110 0
001100001 0
001100100 0
001101110 0
001111010 0
001010010 0
000000010 0
010100010 0
111100010 0
101100011 0
001100111 0
010100110 0
010100011 0
010101001 0
010111101 0
010010101 0
011000101 0
001100101 0
100100101 0
110100100 0
010100000 0
011010111 1
011010010 1
011011000 1
011001100 1
011100100 1
010110100 1
000010100 1
101010100 1
111010101 1
011010001 1
100110001 0
100110100 0
100111110 0
100101010 0
100000010 0
101010010 0
111110010 0
010110010 0
000110011 0
100110111 0
110010000 0
110010101 0
110011111 0
110001011 0
110100011 0
111110011 0
101010011 0
000010011 0
010010010 0
110010110 0
001011000 0
001011101 0
001010111 0
001000011 0
001101011 0
000111011 0
010011011 0
001011011 0
101011010 0
001011110 0
011001011 0
011001110 0
011000100 0
011010000 0
011111000 0
010101000 0
000001000 0
101001000 0
111001001 0
011001101 0
110111000 0
110111101 0
110110111 0
110100011 0
110001011 0
111011011 0
101111011 0
000111011 0
010111010 0
110111110 0
110110111 0
110110010 0
110111000 0
110101100 0
110000100 0
111010100 0
101110100 0
000110100 0
010110101 0
110110001 0
110101000 0
110101101 0
110100111 0
110110011 0
110011011 0
111001011 0
101101011 0
000101011 0
010101010 0
110101110 0
001100001 0
001100100 0
001101110 0
001111010 0
001010010 0
000000010 0
010100010 0
111100010 0
101100011 0
001100111 0
010100110 0
010100011 0
010101001 0
010111101 0
010010101 0
011000101 0
001100101 0
100100101 0
110100100 0
010100000 0
011010111 1
011010010 1
011011000 1
011001100 1
011100100 1
010110100 1
000010100 1
101010100 1
111010101 1
011010001 1
100110001 0
100110100 0
100111110 0
100101010 0
100000010 0
101010010 0
111110010 0
010110010 0
000110011 0
100110111 0
110010000 0
110010101 0
110011111 0
110001011 0
110100011 0
111110011 0
101010011 0
000010011 0
010010010 0
110010110 0
001011000 0
001011101 0
001010111 0
001000011 0
001101011 0
000111011 0
010011011 0
001011011 0
101011010 0
001011110 0
011001011 0
011001110 0
011000100 0
011010000 0
011111000 0
010101000 0
000001000 0
101001000 0
111001001 0
011001101 0
110111000 0
110111101 0
110110111 0
110100011 0
110001011 0
111011011 0
101111011 0
000111011 0
010111010 0
110111110 0
110110111 0
110110010 0
110111000 0
110101100 0
110000100 0
111010100 0
101110100 0
000110100 0
010110101 0
110110001 0
110101000 0
110101101 0
110100111 0
110110011 0
110011011 0
111001011 0
101101011 0
000101011 0
010101010 0
110101110 0
001100001 0
001100100 0
001101110 0
001111010 0
001010010 0
000000010 0
010100010 0
111100010 0
101100011 0
001100111 0
010100110 0
010100011 0
010101001 0
010111101 0
010010101 0
011000101 0
001100101 0
100100101 0
110100100 0
010100000 0
011010111 1
011010010 1
011011000 1
011001100 1
011100100 1
010110100 1
000010100 1
101010100 1
111010101 1
011010001 1
100110001 0
100110100 0
100111110 0
100101010 0
100000010 0
101010010 0
111110010 0
010110010 0
000110011 0
100110111 0
110010000 0
110010101 0
110011111 0
110001011 0
110100011 0
111110011 0
101010011 0
000010011 0
010010010 0
110010110 0
001011000 0
001011101 0
001010111 0
001000011 0
001101011 0
000111011 0
010011011 0
001011011 0
101011010 0
001011110 0
011001011 0
011001110 0
011000100 0
011010000 0
011111000 0
010101000 0
000001000 0
101001000 0
111001001 0
011001101 0
110111000 0
110111101 0
110110111 0
110100011 0
110001011 0
111011011 0
101111011 0
000111011 0
010111010 0
110111110 0
110110111 0
110110010 0
110111000 0
110101100 0
110000100 0
111010100 0
101110100 0
000110100 0
010110101 0
110110001 0
110101000 0
110101101 0
110100111 0
110110011 0
110011011 0
111001011 0
101101011 0
000101011 0
010101010 0
110101110 0
001100001 0
001100100 0
001101110 0
001111010 0
001010010 0
000000010 0
010100010 0
111100010 0
101100011 0
001100111 0
010100110 0
010100011 0
010101001 0
010111101 0
010010101 0
011000101 0
001100101 0
100100101 0
110100100 0
010100000 0
011010111 1
011010010 1
011011000 1
011001100 1
011100100 1
010110100 1
000010100 1
101010100 1
111010101 1
011010001 1
100110001 0
100110100 0
100111110 0
100101010 0
100000010 0
101010010 0
111110010 0
010110010 0
000110011 0
100110111 0
110010000 0
110010101 0
110011111 0
110001011 0
110100011 0
111110011 0
101010011 0
000010011 0
010010010 0
110010110 0
001011000 0
001011101 0
001010111 0
001000011 0
001101011 0
000111011 0
010011011 0
001011011 0
101011010 0
001011110 0
011001011 0
011001110 0
011000100 0
011010000 0
011111000 0
010101000 0
000001000 0
101001000 0
111001001 0
011001101 0
110111000 0
110111101 0
110110111 0
110100011 0
110001011 0
111011011 0
101111011 0
000111011 0
010111010 0
110111110 0
110110111 0
110110010 0
110111000 0
110101100 0
110000100 0
111010100 0
101110100 0
000110100 0
010110101 0
110110001 0
110101000 0
110101101 0
110100111 0
110110011 0
110011011 0
111001011 0
101101011 0
000101011 0
010101010 0
110101110 0
001100001 0
001100100 0
001101110 0
001111010 0
001010010 0
000000010 0
010100010 0
111100010 0
101100011 0
001100111 0
010100110 0
010100011 0
010101001 0
010111101 0
010010101 0
011000101 0
001100101 0
100100101 0
110100100 0
010100000 0
011010111 1
011010010 1
011011000 1
011001100 1
011100100 1
010110100 1
000010100 1
101010100 1
111010101 1
011010001 1
100110001 0
100110100 0
100111110 0
100101010 0
100000010 0
101010010 0
111110010 0
010110010 0
000110011 0
100110111 0
110010000 0
110010101 0
110011111 0
110001011 0
110100011 0
111110011 0
101010011 0
000010011 0
010010010 0
110010110 0
001011000 0
001011101 0
001010111 0
001000011 0
001101011 0
000111011 0
010011011 0
001011011 0
101011010 0
001011110 0
011001011 0
011001110 0
011000100 0
011010000 0
011111000 0
010101000 0
000001000 0
101001000 0
111001001 0
011001101 0
110111000 0
110111101 0
110110111 0
110100011 0
110001011 0
111011011 0
101111011 0
000111011 0
010111010 0
110111110 0
110110111 0
110110010 0
110111000 0
110101100 0
110000100 0
111010100 0
101110100 0
000110100 0
010110101 0
110110001 0
110101000 0
110101101 0
110100111 0
110110011 0
110011011 0
111001011 0
101101011 0
000101011 0
010101010 0
110101110 0
001100001 0
001100100 0
001101110 0
001111010 0
001010010 0
000000010 0
010100010 0
111100010 0
101100011 0
001100111 0
010100110 0
010100011 0
010101001 0
010111101 0
010010101 0
011000101 0
001100101 0
100100101 0
110100100 0
010100000 0
011010111 1
011010010 1
011011000 1
011001100 1
011100100 1
010110100 1
000010100 1
101010100 1
111010101 1
011010001 1
100110001 0
100110100 0
100111110 0
100101010 0
100000010 0
101010010 0
111110010 0
010110010 0
000110011 0
100110111 0
110010000 0
110010101 0
110011111 0
110001011 0
110100011 0
111110011 0
101010011 0
000010011 0
010010010 0
110010110 0
001011000 0
001011101 0
001010111 0
001000011 0
001101011 0
000111011 0
010011011 0
001011011 0
101011010 0
001011110 0
011001011 0
011001110 0
011000100 0
011010000 0
011111000 0
010101000 0
000001000 0
101001000 0
111001001 0
011001101 0
110111000 0
110111101 0
110110111 0
110100011 0
110001011 0
111011011 0
101111011 0
000111011 0
010111010 0
110111110 0
110110111 0
110110010 0
110111000 0
110101100 0
110000100 0
111010100 0
101110100 0
000110100 0
010110101 0
110110001 0
110101000 0
110101101 0
110100111 0
110110011 0
110011011 0
111001011 0
101101011 0
000101011 0
010101010 0
110101110 0
001100001 0
001100100 0
001101110 0
001111010 0
001010010 0
000000010 0
010100010 0
111100010 0
101100011 0
001100111 0
010100110 0
010100011 0
010101001 0
010111101 0
010010101 0
011000101 0
001100101 0
100100101 0
110100100 0
010100000 0
011010111 1
011010010 1
011011000 1
011001100 1
011100100 1
010110100 1
000010100 1
101010100 1
111010101 1
011010001 1
100110001 0
100110100 0
100111110 0
100101010 0
100000010 0
101010010 0
111110010 0
010110010 0
000110011 0
100110111 0
110010000 0
110010101 0
110011111 0
110001011 0
110100011 0
111110011 0
101010011 0
000010011 0
010010010 0
110010110 0
001011000 0
001011101 0
001010111 0
001000011 0
001101011 0
000111011 0
010011011 0
001011011 0
101011010 0
001011110 0
011001011 0
011001110 0
011000100 0
011010000 0
011111000 0
010101000 0
000001000 0
101001000 0
111001001 0
011001101 0
110111000 0
110111101 0
110110111 0
110100011 0
110001011 0
111011011 0
101111011 0
000111011 0
010111010 0
110111110 0
110110111 0
110110010 0
110111000 0
110101100 0
110000100 0
111010100 0
101110100 0
000110100 0
010110101 0
110110001 0
110101000 0
110101101 0
110100111 0
110110011 0
110011011 0
111001011 0
101101011 0
000101011 0
010101010 0
110101110 0
001100001 0
001100100 0
001101110 0
001111010 0
001010010 0
000000010 0
010100010 0
111100010 0
101100011 0
001100111 0
010100110 0
010100011 0
010101001 0
010111101 0
010010101 0
011000101 0
001100101 0
100100101 0
110100100 0
010100000 0
011010111 1
011010010 1
011011000 1
011001100 1
011100100 1
010110100 1
000010100 1
101010100 1
111010101 1
011010001 1
100110001 0
100110100 0
100111110 0
100101010 0
100000010 0
101010010 0
111110010 0
010110010 0
000110011 0
100110111 0
110010000 0
110010101 0
110011111 0
110001011 0
110100011 0
111110011 0
101010011 0
000010011 0
010010010 0
110010110 0
001011000 0
001011101 0
001010111 0
001000011 0
001101011 0
000111011 0
010011011 0
001011011 0
101011010 0
001011110 0
011001011 0
011001110 0
011000100 0
011010000 0
011111000 0
010101000 0
000001000 0
101001000 0
111001001 0
011001101 0
110111000 0
110111101 0
110110111 0
110100011 0
110001011 0
111011011 0
101111011 0
000111011 0
010111010 0
110111110 0
110110111 0
110110010 0
110111000 0
110101100 0
110000100 0
111010100 0
101110100 0
000110100 0
010110101 0
110110001 0
110101000 0
110101101 0
110100111 0
110110011 0
110011011 0
111001011 0
101101011 0
000101011 0
010101010 0
110101110 0
001100001 0
001100100 0
001101110 0
001111010 0
001010010 0
000000010 0
010100010 0
111100010 0
101100011 0
001100111 0
010100110 0
010100011 0
010101001 0
010111101 0
010010101 0
011000101 0
001100101 0
100100101 0
110100100 0
010100000 0
011010111 1
011010010 1
011011000 1
011001100 1
011100100 1
010110100 1
000010100 1
101010100 1
111010101 1
011010001 1
100110001 0
100110100 0
100111110 0
100101010 0
100000010 0
101010010 0
111110010 0
010110010 0
000110011 0
100110111 0
110010000 0
110010101 0
110011111 0
110001011 0
110100011 0
111110011 0
101010011 0
000010011 0
010010010 0
110010110 0
001011000 0
001011101 0
001010111 0
001000011 0
001101011 0
000111011 0
010011011 0
001011011 0
101011010 0
001011110 0
011001011 0
011001110 0
011000100 0
011010000 0
011111000 0
010101000 0
000001000 0
101001000 0
111001001 0
011001101 0
110111000 0
110111101 0
110110111 0
110100011 0
110001011 0
111011011 0
101111011 0
000111011 0
010111010 0
110111110 0
110110111 0
110110010 0
110111000 0
110101100 0
110000100 0
111010100 0
101110100 0
000110100 0
010110101 0
110110001 0