111010100 0
101010101 0
001010111 0
001010010 0
001011000 0
001001100 0
001100100 0
000110100 0
010010100 0
100010100 0
000011101 0
010011100 0
110011110 0
110011011 0
110010001 0
001110110 0
110000101 0
110101101 0
111101101 0
011011101 0
011011010 0
001011011 0
101011001 0
101011100 0
101010110 0
101000010 0
101101010 0
010111010 0
110011010 0
000011010 0
010101011 1
000101010 1
100101000 1
100101101 1
100100111 1
100110011 1
100011011 1
101001011 1
111101011 1
011101011 1
101001101 0
111001100 0
011001110 0
011001011 0
011000001 0
011010101 0
011111101 0
010101101 0
000001101 0
110001101 0
111101100 0
101101101 0
001101111 0
001101010 0
001100000 0
001110100 0
001001100 0
000001100 0
010101100 0
100101100 0
001011010 0
001011001 0
001011111 0
001010011 0
001011011 0
001101111 0
001010011 0
110011011 0
011111011 0
111111011 0
010110111 0
000110110 0
100110100 0
100110001 0
100111011 0
100101111 0
100000111 0
101010111 0
111110111 0
001110111 0
111000100 0
101000101 0
001000111 0
001000010 0
001001000 0
001011100 0
001110100 0
000100100 0
010000100 0
100000100 0
111001011 0
101001010 0
001001000 0
001001101 0
001000111 0
001010011 0
011111011 0
000101011 0
010001011 0
100001011 0
111010100 0
101010101 0
001010111 0
001010010 0
001011000 0
001001100 0
001100100 0
000110100 0
010010100 0
100010100 0
000011101 0
010011100 0
110011110 0
110011011 0
110010001 0
001110110 0
110000101 0
110101101 0
111101101 0
011011101 0
011011010 0
001011011 0
101011001 0
101011100 0
101010110 0
101000010 0
101101010 0
010111010 0
110011010 0
000011010 0
010101011 1
000101010 1
100101000 1
100101101 1
100100111 1
100110011 1
100011011 1
101001011 1
111101011 1
011101011 1
101001101 0
111001100 0
011001110 0
011001011 0
011000001 0
011010101 0
011111101 0
010101101 0
000001101 0
110001101 0
111101100 0
101101101 0
001101111 0
001101010 0
001100000 0
001110100 0
001001100 0
000001100 0
010101100 0
100101100 0
001011010 0
001011001 0
001011111 0
001010011 0
001011011 0
001101111 0
001010011 0
110011011 0
011111011 0
111111011 0
010110111 0
000110110 0
100110100 0
100110001 0
100111011 0
100101111 0
100000111 0
101010111 0
111110111 0
001110111 0
111000100 0
101000101 0
001000111 0
001000010 0
001001000 0
001011100 0
001110100 0
000100100 0
010000100 0
100000100 0
111001011 0
101001010 0
001001000 0
001001101 0
001000111 0
001010011 0
011111011 0
000101011 0
010001011 0
100001011 0
111010100 0
101010101 0
001010111 0
001010010 0
001011000 0
001001100 0
001100100 0
000110100 0
010010100 0
100010100 0
000011101 0
010011100 0
110011110 0
110011011 0
110010001 0
001110110 0
110000101 0
110101101 0
111101101 0
011011101 0
011011010 0
001011011 0
101011001 0
101011100 0
101010110 0
101000010 0
101101010 0
010111010 0
110011010 0
000011010 0
010101011 1
000101010 1
100101000 1
100101101 1
100100111 1
100110011 1
100011011 1
101001011 1
111101011 1
011101011 1
101001101 0
111001100 0
011001110 0
011001011 0
011000001 0
011010101 0
011111101 0
010101101 0
000001101 0
110001101 0
111101100 0
101101101 0
001101111 0
001101010 0
001100000 0
001110100 0
001001100 0
000001100 0
010101100 0
100101100 0
001011010 0
001011001 0
001011111 0
001010011 0
001011011 0
001101111 0
001010011 0
110011011 0
011111011 0
111111011 0
010110111 0
000110110 0
100110100 0
100110001 0
100111011 0
100101111 0
100000111 0
101010111 0
111110111 0
001110111 0
111000100 0
101000101 0
001000111 0
001000010 0
001001000 0
001011100 0
001110100 0
000100100 0
010000100 0
100000100 0
111001011 0
101001010 0
001001000 0
001001101 0
001000111 0
001010011 0
011111011 0
000101011 0
010001011 0
100001011 0