110101010 0
110101001 0
110101111 0
110100011 0
110111011 0
110001011 0
111101011 0
100101011 0
010101011 0
001100011 0
001100000 0
001100110 0
001101010 0
001110010 0
001000010 0
000100010 0
011100010 0
101100010 0
010100100 0
010100111 0
010100001 0
010101101 0
010110101 0
010000101 0
011100101 0
000100101 0
110100101 0
011010101 1
011010110 1
011010000 1
011011100 1
011000100 1
011110100 1
010010100 1
011010100 1
011010100 1
100110011 0
100110000 0
100110110 0
100111010 0
100100010 0
100010010 0
101110010 0
110110010 0
000110010 0
110010010 0
110010001 0
110010111 0
110011011 0
110000011 0
110110011 0
111010011 0
100010011 0
010010011 0
001011010 0
001011001 0
001011111 0
001010011 0
001001011 0
001111011 0
000011011 0
011011011 0
101011011 0
011001001 0
011001010 0
011001100 0
011000000 0
011011000 0
011101000 0
010001000 0
001001000 0
111001000 0
110111010 0
110111001 0
110111111 0
110110011 0
110101011 0
110011011 0
111111011 0
100111011 0
010111011 0
110110101 0
110110110 0
110110000 0
110111100 0
110100100 0
110010100 0
111110100 0
100110100 0
010110100 0
110101010 0
110101001 0
110101111 0
110100011 0
110111011 0
110001011 0
111101011 0
100101011 0
010101011 0
001100011 0
001100000 0
001100110 0
001101010 0
001110010 0
001000010 0
000100010 0
011100010 0
101100010 0
010100100 0
010100111 0
010100001 0
010101101 0
010110101 0
010000101 0
011100101 0
000100101 0
110100101 0
011010101 1
011010110 1
011010000 1
011011100 1
011000100 1
011110100 1
010010100 1
011010100 1
011010100 1
100110011 0
100110000 0
100110110 0
100111010 0
100100010 0
100010010 0
101110010 0
110110010 0
000110010 0
110010010 0
110010001 0
110010111 0
110011011 0
110000011 0
110110011 0
111010011 0
100010011 0
010010011 0
001011010 0
001011001 0
001011111 0
001010011 0
001001011 0
001111011 0
000011011 0
011011011 0
101011011 0
011001001 0
011001010 0
011001100 0
011000000 0
011011000 0
011101000 0
010001000 0
001001000 0
111001000 0
110111010 0
110111001 0
110111111 0
110110011 0
110101011 0
110011011 0
111111011 0
100111011 0
010111011 0
110110101 0
110110110 0
110110000 0
110111100 0
110100100 0
110010100 0
111110100 0
100110100 0
010110100 0
110101010 0
110101001 0
110101111 0
110100011 0
110111011 0
110001011 0
111101011 0
100101011 0
010101011 0
001100011 0
001100000 0
001100110 0
001101010 0
001110010 0
001000010 0
000100010 0
011100010 0
101100010 0
010100100 0
010100111 0
010100001 0
010101101 0
010110101 0
010000101 0
011100101 0
000100101 0
110100101 0
011010101 1
011010110 1
011010000 1
011011100 1
011000100 1
011110100 1
010010100 1
011010100 1
011010100 1
100110011 0
100110000 0
100110110 0
100111010 0
100100010 0
100010010 0
101110010 0
110110010 0
000110010 0
110010010 0
110010001 0
110010111 0
110011011 0
110000011 0
110110011 0
111010011 0
100010011 0
010010011 0
001011010 0
001011001 0
001011111 0
001010011 0
001001011 0
001111011 0
000011011 0
011011011 0
101011011 0
011001001 0
011001010 0
011001100 0
011000000 0
011011000 0
011101000 0
010001000 0
001001000 0
111001000 0
110111010 0
110111001 0
110111111 0
110110011 0
110101011 0
110011011 0
111111011 0
100111011 0
010111011 0
110110101 0
110110110 0
110110000 0
110111100 0
110100100 0
110010100 0
111110100 0
100110100 0
010110100 0
110101010 0
110101001 0
110101111 0
110100011 0
110111011 0
110001011 0
111101011 0
100101011 0
010101011 0
001100011 0
001100000 0
001100110 0
001101010 0
001110010 0
001000010 0
000100010 0
011100010 0
101100010 0
010100100 0
010100111 0
010100001 0
010101101 0
010110101 0
010000101 0
011100101 0
000100101 0
110100101 0
011010101 1
011010110 1
011010000 1