110100100 0
110110101 0
110010111 0
111010011 0
101011011 0
001001011 0
001101010 0
000101000 0
010101100 0
110111100 0
001101101 0
001111100 0
001011110 0
000011010 0
010010010 0
110000010 0
110100011 0
111100001 0
101100101 0
001110101 0
010101010 0
010111011 0
010011001 0
011011101 0
001010101 0
101000101 0
101100100 0
100100110 0
110100010 0
010110010 0
011011011 1
011001010 1
011101000 1
010101100 1
000100100 1
100110100 1
100010101 1
101010111 1
111010011 1
011000011 1
100111101 0
100101100 0
100001110 0
101001010 0
111000010 0
011010010 0
011110011 0
010110001 0
000110101 0
100100101 0
110011100 0
110001101 0
110101111 0
111101011 0
101100011 0
001110011 0
001010010 0
000010000 0
010010100 0
110000100 0
001010100 0
001000101 0
001100111 0
000100011 0
010101011 0
110111011 0
110011010 0
111011000 0
101011100 0
001001100 0
011000111 0
011010110 0
011110100 0
010110000 0
000111000 0
100101000 0
100001000 0
101001011 0
111001111 0
011011111 0
110110100 0
110100101 0
110000111 0
111000011 0
101001011 0
001011011 0
001111011 0
000111000 0
010111100 0
110101100 0
110111011 0
110101010 0
110001000 0
111001100 0
101000100 0
001010100 0
001110101 0
000110111 0
010110011 0
110100011 0
110100100 0
110110101 0
110010111 0
111010011 0
101011011 0
001001011 0
001101010 0
000101000 0
010101100 0
110111100 0
001101101 0
001111100 0
001011110 0
000011010 0
010010010 0
110000010 0
110100011 0
111100001 0
101100101 0
001110101 0
010101010 0
010111011 0
010011001 0
011011101 0
001010101 0
101000101 0
101100100 0
100100110 0
110100010 0
010110010 0
011011011 1
011001010 1
011101000 1
010101100 1
000100100 1
100110100 1
100010101 1
101010111 1
111010011 1
011000011 1
100111101 0
100101100 0
100001110 0
101001010 0
111000010 0
011010010 0
011110011 0
010110001 0
000110101 0
100100101 0
110011100 0
110001101 0
110101111 0
111101011 0
101100011 0
001110011 0
001010010 0
000010000 0
010010100 0
110000100 0
001010100 0
001000101 0
001100111 0
000100011 0
010101011 0
110111011 0
110011010 0
111011000 0
101011100 0
001001100 0
011000111 0
011010110 0
011110100 0
010110000 0
000111000 0
100101000 0
100001000 0
101001011 0
111001111 0
011011111 0
110110100 0
110100101 0
110000111 0
111000011 0
101001011 0
001011011 0
001111011 0
000111000 0
010111100 0
110101100 0
110111011 0
110101010 0
110001000 0
111001100 0
101000100 0
001010100 0
001110101 0
000110111 0
010110011 0
110100011 0
110100100 0
110110101 0
110010111 0
111010011 0
101011011 0
001001011 0
001101010 0
000101000 0
010101100 0
110111100 0
001101101 0
001111100 0
001011110 0
000011010 0
010010010 0
110000010 0
110100011 0
111100001 0
101100101 0
001110101 0
010101010 0
010111011 0
010011001 0
011011101 0
001010101 0
101000101 0
101100100 0
100100110 0
110100010 0
010110010 0
011011011 1
011001010 1
011101000 1
010101100 1
000100100 1
100110100 1
100010101 1
101010111 1
111010011 1
011000011 1
100111101 0
100101100 0
100001110 0
101001010 0
111000010 0
011010010 0
011110011 0
010110001 0
000110101 0
100100101 0
110011100 0
110001101 0
110101111 0
111101011 0
101100011 0
001110011 0
001010010 0
000010000 0
010010100 0
110000100 0
001010100 0
001000101 0
001100111 0
000100011 0
010101011 0
110111011 0
110011010 0
111011000 0
101011100 0
001001100 0
011000111 0
011010110 0
011110100 0
010110000 0
000111000 0
100101000 0
100001000 0
101001011 0
111001111 0
011011111 0
110110100 0
110100101 0
110000111 0
111000011 0
101001011 0
001011011 0
001111011 0
000111000 0
010111100 0
110101100 0
110111011 0
110101010 0
110001000 0
111001100 0
101000100 0
001010100 0
001110101 0
000110111 0
010110011 0
110100011 0