110101011
001100010
010100101
011010100
100110010
110010011
001011011
011001000
110111011
110110100
110101011
001100010
010100101
011010100
100110010
110010011
001011011
011001000
110111011
110110100
110101011
001100010
010100101
011010100
100110010
110010011
001011011
011001000
110111011
110110100
110101011
001100010
010100101
011010100
100110010
110010011
001011011
011001000
110111011
110110100
110101011
001100010
010100101
011010100
100110010
110010011
001011011
011001000
110111011
110110100
110101011
001100010
010100101
011010100
100110010
110010011
001011011
011001000
110111011
110110100
110101011
001100010
010100101
011010100
100110010
110010011
001011011
011001000
110111011
110110100
110101011
001100010
010100101
011010100
100110010
110010011
001011011
011001000
110111011
110110100
110101011
001100010
010100101
011010100
100110010
110010011
001011011
011001000
110111011
110110100
110101011
001100010
010100101
011010100
100110010
110010011
001011011
011001000
110111011
110110100
110101011
001100010
010100101
011010100
100110010
110010011
001011011
011001000
110111011
110110100
110101011
001100010
010100101
011010100
100110010
110010011
001011011
011001000
110111011
110110100
110101011
001100010
010100101
011010100
100110010
110010011
001011011
011001000
110111011
110110100
110101011
001100010
010100101
011010100
100110010
110010011
001011011
011001000
110111011
110110100
110101011
001100010
010100101
011010100
100110010
110010011
001011011
011001000
110111011
110110100
110101011
001100010
010100101
011010100
100110010
110010011
001011011
011001000
110111011
110110100
110101011
001100010
010100101
011010100
100110010
110010011
001011011
011001000
110111011
110110100
110101011
001100010
010100101
011010100
100110010
110010011
001011011
011001000
110111011
110110100
110101011
001100010
010100101
011010100
100110010
110010011
001011011
011001000
110111011
110110100
110101011
001100010
010100101
011010100
100110010
110010011
001011011
011001000
110111011
110110100
110101011
001100010
010100101
011010100
100110010
110010011
001011011
011001000
110111011
110110100
110101011
001100010
010100101
011010100
100110010
110010011
001011011
011001000
110111011
110110100
110101011
001100010
010100101
011010100
100110010
110010011
001011011
011001000
110111011
110110100
110101011
001100010
010100101
011010100
100110010
110010011
001011011
011001000
110111011
110110100
110101011
001100010
010100101
011010100
100110010
110010011
001011011
011001000
110111011
110110100
110101011
001100010
010100101
011010100
100110010
110010011
001011011
011001000
110111011
110110100
110101011
001100010
010100101
011010100
100110010
110010011
001011011
011001000
110111011
110110100
110101011
001100010
010100101
011010100
100110010
110010011
001011011
011001000
110111011
110110100
110101011
001100010
010100101
011010100
100110010
110010011
001011011
011001000
110111011
110110100
110101011
001100010
010100101
011010100
100110010
110010011
001011011
011001000
110111011
110110100