110010100 0
111010101 0
101010111 0
001010011 0
001011011 0
001001000 0
001101100 0
000100100 0
010110100 0
111110100 0
001011101 0
000011100 0
010011110 0
110011010 0
110010011 0
110000001 0
110100101 0
111101101 0
101111101 0
000111101 0
010011010 0
011011011 0
001011001 0
101011101 0
101010100 0
101000110 0
101100010 0
100101010 0
110111010 0
011111010 0
011101011 1
010101010 1
000101000 1
100101100 1
100100101 1
100110111 1
100010011 1
101011011 1
111001001 1
011101011 1
100001101 0
101001100 0
111001110 0
011001010 0
011000011 0
011010001 0
011110101 0
010111101 0
000101101 0
101101101 0
110101100 0
111101101 0
101101111 0
001101011 0
001100010 0
001110000 0
001010100 0
000011100 0
010001100 0
110101101 0
001100100 0
000100101 0
010100111 0
110100011 0
110101010 0
110111000 0
110011100 0
111010100 0
101000100 0
000000100 0
100100010 0
100010001 0
010010111 0
000110001 0
110111101 0
100111100 0
100011011 0
000101111 0
110000100 0
111000101 0
101000111 0
001000011 0
001001010 0
110111011 0
001011000 0
001111100 0
000100100 0
011100100 0
110001011 0
111001010 0
101001000 0
001001100 0
001000101 0
001010111 0
001110011 0
000111011 0
010101011 0
111101011 0
110010100 0
111010101 0
101010111 0
001010011 0
001011011 0
001001000 0
001101100 0
000100100 0
010110100 0
111110100 0
001011101 0
000011100 0
010011110 0
110011010 0
110010011 0
110000001 0
110100101 0
111101101 0
101111101 0
000111101 0
010011010 0
011011011 0
001011001 0
101011101 0
101010100 0
101000110 0
101100010 0
100101010 0
110111010 0
011111010 0
011101011 1
010101010 1
000101000 1
100101100 1
100100101 1
100110111 1
100010011 1
101011011 1
111001001 1
011101011 1
100001101 0
101001100 0
111001110 0
011001010 0
011000011 0
011010001 0
011110101 0
010111101 0
000101101 0
101101101 0
110101100 0
111101101 0
101101111 0
001101011 0
001100010 0
001110000 0
001010100 0
000011100 0
010001100 0
110101101 0
001100100 0
000100101 0
010100111 0
110100011 0
110101010 0
110111000 0
110011100 0
111010100 0
101000100 0
000000100 0
100100010 0
100010001 0
010010111 0
000110001 0
110111101 0
100111100 0
100011011 0
000101111 0
110000100 0
111000101 0
101000111 0
001000011 0
001001010 0
110111011 0
001011000 0
001111100 0
000100100 0
011100100 0
110001011 0
111001010 0
101001000 0
001001100 0
001000101 0
001010111 0
001110011 0
000111011 0
010101011 0
111101011 0
110010100 0
111010101 0
101010111 0
001010011 0
001011011 0
001001000 0
001101100 0
000100100 0
010110100 0
111110100 0
001011101 0
000011100 0
010011110 0
110011010 0
110010011 0
110000001 0
110100101 0
111101101 0
101111101 0
000111101 0
010011010 0
011011011 0
001011001 0
101011101 0
101010100 0
101000110 0
101100010 0
100101010 0
110111010 0
011111010 0
011101011 1
010101010 1
000101000 1
100101100 1
100100101 1
100110111 1
100010011 1
101011011 1
111001001 1
011101011 1
100001101 0
101001100 0
111001110 0
011001010 0
011000011 0
011010001 0
011110101 0
010111101 0
000101101 0
101101101 0
110101100 0
111101101 0
101101111 0
001101011 0
001100010 0
001110000 0
001010100 0
000011100 0
010001100 0
110101101 0
001100100 0
000100101 0
010100111 0
110100011 0
110101010 0
110111000 0
110011100 0
111010100 0
101000100 0
000000100 0
100100010 0
100010001 0
010010111 0
000110001 0
110111101 0
100111100 0
100011011 0
000101111 0
110000100 0
111000101 0
101000111 0
001000011 0
001001010 0
110111011 0
001011000 0
001111100 0
000100100 0
011100100 0
110001011 0
111001010 0
101001000 0
001001100 0
001000101 0
001010111 0
001110011 0
000111011 0
010101011 0
111101011 0
111101011 0
011100100 0
000111101 0
010010111 0
000101111 0
001000011 0