110101100 0
110100101 0
110110111 0
110010011 0
111011011 0
101001011 0
001101011 0
000101010 0
010101000 0
110100000 0
001100101 0
001101100 0
001111110 0
001011010 0
000010010 0
010000010 0
110100010 0
111100011 0
101100001 0
001101001 0
010100010 0
010101011 0
010111001 0
010011101 0
011010101 0
001000101 0
101100101 0
100100100 0
110100110 0
010101110 0
011010011 1
011011010 1
011001000 1
011101100 1
010100100 1
000110100 1
100010100 1
101010101 1
111010111 1
011011111 1
100110101 0
100111100 0
100101110 0
100001010 0
101000010 0
111010010 0
011110010 0
010110011 0
000110001 0
100111001 0
110010100 0
110011101 0
110001111 0
110101011 0
111100011 0
101110011 0
001010011 0
000010010 0
010010000 0
110011000 0
001011100 0
001010101 0
001000111 0
001100011 0
000101011 0
010111011 0
110011011 0
111011010 0
101011000 0
001010000 0
011001111 0
011000110 0
011010100 0
011110000 0
010111000 0
000101000 0
100001000 0
101001001 0
111001011 0
011000011 0
110111100 0
110110101 0
110100111 0
110000011 0
111001011 0
101011011 0
001111011 0
000111010 0
010111000 0
110110000 0
110110011 0
110111010 0
110101000 0
110001100 0
111000100 0
101010100 0
001110100 0
000110101 0
010110111 0
110111111 0
110101100 0
110100101 0
110110111 0
110010011 0
111011011 0
101001011 0
001101011 0
000101010 0
010101000 0
110100000 0
001100101 0
001101100 0
001111110 0
001011010 0
000010010 0
010000010 0
110100010 0
111100011 0
101100001 0
001101001 0
010100010 0
010101011 0
010111001 0
010011101 0
011010101 0
001000101 0
101100101 0
100100100 0
110100110 0
010101110 0
011010011 1
011011010 1
011001000 1
011101100 1
010100100 1
000110100 1
100010100 1
101010101 1
111010111 1
011011111 1
100110101 0
100111100 0
100101110 0
100001010 0
101000010 0
111010010 0
011110010 0
010110011 0
000110001 0
100111001 0
110010100 0
110011101 0
110001111 0
110101011 0
111100011 0
101110011 0
001010011 0
000010010 0
010010000 0
110011000 0
001011100 0
001010101 0
001000111 0
001100011 0
000101011 0
010111011 0
110011011 0
111011010 0
101011000 0
001010000 0
011001111 0
011000110 0
011010100 0
011110000 0
010111000 0
000101000 0
100001000 0
101001001 0
111001011 0
011000011 0
110111100 0
110110101 0
110100111 0
110000011 0
111001011 0
101011011 0
001111011 0
000111010 0
010111000 0
110110000 0
110110011 0
110111010 0
110101000 0
110001100 0
111000100 0
101010100 0
001110100 0
000110101 0
010110111 0
110111111 0
110101100 0
110100101 0
110110111 0
110010011 0
111011011 0
101001011 0
001101011 0
000101010 0
010101000 0
110100000 0
001100101 0
001101100 0
001111110 0
001011010 0
000010010 0
010000010 0
110100010 0
111100011 0
101100001 0
001101001 0
010100010 0
010101011 0
010111001 0
010011101 0
011010101 0
001000101 0
101100101 0
100100100 0
110100110 0
010101110 0
011010011 1
011011010 1
011001000 1
011101100 1
010100100 1
000110100 1
100010100 1
101010101 1
111010111 1
011011111 1
100110101 0
100111100 0
100101110 0
100001010 0
101000010 0
111010010 0
011110010 0
010110011 0
000110001 0
100111001 0
110010100 0
110011101 0
110001111 0
110101011 0
111100011 0
101110011 0
001010011 0
000010010 0
010010000 0
110011000 0
001011100 0
001010101 0
001000111 0
001100011 0
000101011 0
010111011 0
110011011 0
111011010 0
101011000 0
001010000 0
011001111 0
011000110 0
011010100 0
011110000 0
010111000 0
000101000 0
100001000 0
101001001 0
111001011 0
011000011 0
110111100 0
110110101 0
110100111 0
110000011 0
111001011 0
101011011 0
001111011 0
000111010 0
010111000 0
110110000 0
110110011 0
110111010 0
110101000 0
110001100 0
111000100 0
101010100 0
001110100 0
000110101 0
010110111 0
110111111 0